9 9
37
0 0 1.0000000000000000e+00
0 6 1.0000000000000000e+00
0 7 1.0000000000000000e+00
0 8 1.0000000000000000e+00
1 1 1.0000000000000000e+00
1 3 1.0000000000000000e+00
1 5 1.0000000000000000e+00
2 2 1.0000000000000000e+00
2 4 1.0000000000000000e+00
2 7 1.0000000000000000e+00
3 1 1.0000000000000000e+00
3 3 1.0000000000000000e+00
3 7 1.0000000000000000e+00
3 8 1.0000000000000000e+00
4 2 1.0000000000000000e+00
4 4 1.0000000000000000e+00
4 5 1.0000000000000000e+00
4 7 1.0000000000000000e+00
5 1 1.0000000000000000e+00
5 4 1.0000000000000000e+00
5 5 1.0000000000000000e+00
5 8 1.0000000000000000e+00
6 0 1.0000000000000000e+00
6 6 1.0000000000000000e+00
6 7 1.0000000000000000e+00
6 8 1.0000000000000000e+00
7 0 1.0000000000000000e+00
7 2 1.0000000000000000e+00
7 3 1.0000000000000000e+00
7 4 1.0000000000000000e+00
7 6 1.0000000000000000e+00
7 7 1.0000000000000000e+00
8 0 1.0000000000000000e+00
8 3 1.0000000000000000e+00
8 5 1.0000000000000000e+00
8 6 1.0000000000000000e+00
8 8 1.0000000000000000e+00
