11 11
41
0 0 1.0000000000000000e+00
0 5 1.0000000000000000e+00
0 6 1.0000000000000000e+00
1 1 1.0000000000000000e+00
1 2 1.0000000000000000e+00
1 7 1.0000000000000000e+00
2 1 1.0000000000000000e+00
2 2 1.0000000000000000e+00
2 9 1.0000000000000000e+00
2 10 1.0000000000000000e+00
3 3 1.0000000000000000e+00
3 5 1.0000000000000000e+00
4 4 1.0000000000000000e+00
4 7 1.0000000000000000e+00
4 10 1.0000000000000000e+00
5 0 1.0000000000000000e+00
5 3 1.0000000000000000e+00
5 5 1.0000000000000000e+00
5 8 1.0000000000000000e+00
5 9 1.0000000000000000e+00
6 0 1.0000000000000000e+00
6 6 1.0000000000000000e+00
6 10 1.0000000000000000e+00
7 1 1.0000000000000000e+00
7 4 1.0000000000000000e+00
7 7 1.0000000000000000e+00
7 9 1.0000000000000000e+00
7 10 1.0000000000000000e+00
8 5 1.0000000000000000e+00
8 8 1.0000000000000000e+00
9 2 1.0000000000000000e+00
9 5 1.0000000000000000e+00
9 7 1.0000000000000000e+00
9 9 1.0000000000000000e+00
9 10 1.0000000000000000e+00
10 2 1.0000000000000000e+00
10 4 1.0000000000000000e+00
10 6 1.0000000000000000e+00
10 7 1.0000000000000000e+00
10 9 1.0000000000000000e+00
10 10 1.0000000000000000e+00
